19991225 126 2
20000128 126 2
20000229 126 2
20000618 126 2
20001212 126 2
20010605 126 2
20010814 126 2
20011224 126 2
20020806 126 2
20021216 126 2
20030402 126 2
20030618 126 2
20030810 126 2
20031203 126 2
20040423 126 2
20040816 126 2
20041025 126 2
20041211 126 2
20041224 126 2
20050308 126 2
19991221 127 1
20000128 127 1
20000302 127 1
20000618 127 1
20001026 127 1
20001213 127 1
20010417 127 1
20010605 127 1
20010814 127 1
20011224 127 1
20020409 127 1
20020806 127 1
20021216 127 1
20030402 127 1
20030618 127 1
20030810 127 1
20040423 127 1
20040816 127 1
20041025 127 1
20041211 127 1
20050308 127 1
19991221 127 2
20000128 127 2
20000302 127 2
20000618 127 2
20001026 127 2
20001213 127 2
20010417 127 2
20010605 127 2
20010814 127 2
20011224 127 2
20020409 127 2
20020806 127 2
20021216 127 2
20030402 127 2
20030618 127 2
20030810 127 2
20040423 127 2
20040816 127 2
20041025 127 2
20041211 127 2
20050308 127 2
20001117 128 1
20010504 128 1
20020223 128 1
20030113 128 1
20030225 128 1
20031222 128 1
20040904 128 1
20041027 128 1
20041224 128 1
20001117 128 2
20010504 128 2
20020223 128 2
20030113 128 2
20030225 128 2
20031222 128 2
20040904 128 2
20041027 128 2
20041224 128 2
20001117 128 3
20010504 128 3
20020223 128 3
20030113 128 3
20030225 128 3
20031222 128 3
20040904 128 3
20041027 128 3
20041224 128 3
